0.901208 18
0.006848 1
1.407335 1
0.308462 1
0.189193 1
1.093820 1
0.690725 1
0.220680 1
0.282402 1
0.221001 1
0.128123 1
0.129512 1
0.123354 1
0.100611 1
0.199890 1
0.106597 1
0.100372 1
0.063987 1
0.687738 1
0.425099 2
1.841590 10
0.081156 1
0.793043 1
0.192085 1
0.246358 1
0.137159 1
0.116807 1
0.129117 2
0.561579 3
0.002690 1
3.117125 1
0.227590 1
0.206683 1
0.834162 1
0.328527 1
0.325071 1
0.393692 1
0.182535 1
0.468476 1
0.716092 1
0.607860 1
0.485797 1
0.183070 2
0.566112 517
0.001428 1
1.238349 1
0.174935 1
0.191236 1
0.208955 1
0.557233 1
0.226013 1
0.109768 1
0.123405 1
0.367792 1
0.154778 1
0.720761 1
0.303668 1
0.281838 1
1.176025 1
0.757196 1
0.329719 1
1.079892 6
1.222471 1
1.928633 1
0.197006 2
0.252850 93
0.005024 222
0.000063 1
1.972624 1
0.176998 1
0.226786 1
0.481636 1
0.185820 6
0.261617 1
1.301255 1
0.221337 2
0.300518 229
0.001843 1
2.950572 1
0.318917 1
0.217535 1
0.223032 2
0.450891 10
0.000149 1
0.744145 1
0.308795 1
0.267105 1
0.226665 8
